1 1 0 0 0
1 2 0 0 20
1 3 0 0 40
1 4 0 0 60
1 5 0 0 80
1 6 0 0 100
1 7 0 0 120
1 8 0 0 140
1 9 0 0 160
1 10 0 0 180
1 11 0 0 200
1 12 0 0 220
1 13 0 0 240
1 14 15 0 240
1 15 15 0 220
1 16 15 0 200
1 17 15 0 180
1 18 15 0 160
1 19 15 0 140
1 20 15 0 120
1 21 15 0 100
1 22 15 0 80
1 23 15 0 60
1 24 10.0 0.0 40.0
1 25 5.0 0.0 20.0
1 26 7.5 12.0 230.0
1 27 7.5 15.0 210.0
1 28 7.5 18.0 190.0
1 29 7.5 18.0 170.0
1 30 7.5 18.0 150.0
1 31 7.5 18.0 130.0
1 32 7.5 18.0 110.0
1 33 7.5 18.0 90.0
1 34 7.5 18.0 70.0
1 35 6.25 18.0 50.0
1 36 3.75 18.0 30.0
1 37 1.25 16.0 10.0
1 38 7.5 10.5 240.0
1 39 7.5 18.0 60.0
